8338555
9894202
1292532
7226772
2870251
8934274
5777639
1478375
1731774
2404840
3449168
8793705
6121650
8630789
1506135
8374765
7927222
729932
8823842
9171786
5569668
2155038
7262734
2639813
7817832
6176020
4279835
4344180
8647334
8146339
2670360
547445
6574804
7420461
1412423
7586214
6476131
2130862
6315028
5006182
2475627
5358895
5369496
4367353
8905941
399168
9803613
1154188
1789135
492359
5952974
5091108
5488159
2194948
4893130
7727659
9992685
2419094
2236668
512359
5097427
1667870
8742958
8458758
2782309
1941436
1859061
38913
4671720
6266582
3571120
1927562
1316944
8381468
9914398
2025159
8433612
6679112
5421506
3793827
3272654
3842926
9163091
866089
5213901
5580990
2786460
3237119
9397552
4784532
6235453
9956251
9376322
5320686
8635953
1945747
6796973
7962607
6583922
8170249
1029425
1212493
6790677
3597740
2081005
5578221
8362198
7558672
4318943
4698925
5285517
2500925
4971410
9037749
5528277
6741147
544368
5053317
6750296
210149
3752966
9197212
8506878
6912451
5748221
6112051
2921530
3303902
691139
4884401
4308979
899860
8641554
2476927
8747732
3224375
5695652
7592548
853589
8139063
8350007
6123107
7916353
9134245
7928039
1133087
4515404
7125957
1129966
7139599
9465259
2719361
7191113
3459014
1015420
1070459
9536842
7406018
2535729
7021203
2619542
3779436
8680742
1960797
3990534
1899984
560507
1259860
7991793
5808096
1555454
1283607
1622240
5587841
5995497
676353
6869109
9690639
7258302
1341411
8946189
5388009
1110042
5946882
2433387
8072443
3756354
2818430
8872344
5001210
8859925
9463995
7773887
4266094
6791926
2059967
6246330
1342587
2331781
890233
5601219
404093
1044579
4929731
6885432
5084556
6791451
6474621
6301795
5274880
954436
952786
9788317
3286906
7889120
1923186
5395428
4979526
6769068
2369988
1876601
7823780
5176177
4632032
284359
4860285
8270633
1296731
7764144
4187641
2232617
3310783
4553904
2872613
9759761
2354040
1671164
8067427
4435787
4185147
1537247
6503500
8740076
5331850
7667009
3297695
5399378
7182337
9408894
7311207
8939279
9565425
3347279
6806215
6037090
6129987
1114002
8165012
3434127
2236842
4865351
7031590
7024026
6557470
9714496
9155715
8357067
8537467
3772916
7582743
7576067
109385
4029009
8441508
9969135
8484611
724072
2360733
4677728
4269096
4379012
8857433
3555836
1559166
859565
5436385
2478349
9299393
7602729
5386497
4263573
5795614
3188370
9587153
1512863
4185917
5536054
1068252
3202909
837480
286177
1517408
9562355
5289202
7959190
5743794
4762129
7861632
8392402
1824782
1262462
9202456
4346167
8368318
4503663
3208437
8112812
6383557
324642
1630365
1477857
9490326
4144452
1217618
1690731
8666008
8159493
82509
4097873
1304301
1084474
7887628
5508327
9492483
8769980
6854535
6977734
1298027
9937866
360274
9392734
4759922
8360679
378143
4471263
2989784
8185898
3647340
7703464
4111041
8204403
7206253
5366997
1409629
92995
4933148
5532039
3728740
8164271
7072107
5774348
1537416
7795764
5088312
3043701
751605
6998204
7253227
2356875
6066786
6793012
4344288
8928784
9088164
6524670
6905983
6811724
3161077
1899602
3109222
6185281
9650277
98313
5621637
718778
5935944
1976954
1692445
6448635
1477336
598590
7136413
765446
9567860
5949443
4307486
4489143
3536279
5624939
5465321
5476632
3065741
2285405
2809312
5067613
1520595
3627787
1650652
3667881
8702637
9449790
6214364
4850344
2485652
6039614
1995492
7418117
4772689
7640068
4876654
2431532
4941358
278510
9229380
2880919
9952349
6163744
8702341
2001158
9950833
2883555
5464275
8908128
95380
776605
2593264
9944994
2581670
673124
7592459
9356000
6457307
4714629
4940464
714248
612261
6823536
5869110
438718
5447275
7156525
6886281
8037056
2950021
5027818
7180673
8825689
9091457
7032541
5311323
3441885
7441350
9170081
3865208
5532630
6677050
2273189
2215217
5334812
2651677
7720104
6805776
2256178
4662877
2689365
3851885
5317248
3925542
1913114
1540097
7100178
735304
4502934
8381445
6127609
5886682
7065554
7877261
1380192
3637060
909592
7852962
613555
1002344
7628861
2885627
2217294
3089666
8531116
9444499
6089637
1310965
8983863
8594367
3820901
373082
6976699
6837624
2613227
3789389
4826498
7927192
4581184
2268538
6381777
7038975
6847483
5057334
3592725
692789
108469
6460706
1407318
1452132
5307664
3105403
9528147
1410027
5948010
3606928
6313990
7420660
7360793
747062
495885
6202621
7354516
1474194
3958947
6792376
1875953
5210782
9894856
1876492
2517547
7214667
4350172
9481485
7280818
42900
5078170
4385210
6117053
7444654
5017732
9978122
1008052
7164171
9617543
9761650
2051517
6863847
3046629
6211533
6241976
8379475
4544501
5343485
5094036
6306473
2325847
9328524
1790994
7130216
4603748
3360766
9197653
2240054
1323451
8648746
3403464
8427627
1657351
1309387
3618285
1389626
7452174
1752981
2637084
6554525
2340190
2448655
9066873
9950411
6610387
81635
2655456
4387843
3750138
4946000